22
13 2
13 12
8 7
3 17
17 1
9 1
7 17
16 14
5 8
3 10
3 14
2 14
3 4
1 6
6 5
6 17
9 4
1 16
7 1
11 13
17 5
15 3
13 10
15 2
14 17
17 10
17 6
12 13
16 0
7 15
0 4
15 0
2 17
7 2
14 0
1 14
13 11
1 11
16 17
14 4
12 5
5 17
12 15
1 15
13 15
4 1
1 8
9 0
0 13
7 5
15 16
6 0
5 2
3 7
0 8
3 16
13 3
9 15
3 1
8 2
3 9
14 15
5 13
10 9
8 14
10 2
2 7
7 6
3 13
12 9
17 11
5 3
3 0
6 11
4 8
14 5
16 2
10 16
2 1
0 12
17 12
10 14
8 4
8 3
11 12
6 7
2 10
14 16
6 13
10 3
14 6
11 6
9 12
12 7
13 1
1 4
13 4
9 2
14 13
0 10
11 7
1 7
16 1
5 15
9 10
11 9
17 2
17 9
4 10
17 14
2 13
0 3
7 4
6 8
10 0
1 0
5 6
5 12
2 8
9 14
15 13
10 12
0 17
16 11
2 16
13 6
13 5
5 14
11 3
11 2
5 11
2 0
4 11
10 7
14 1
1 17
15 10
15 11
11 8
5 4
16 9
14 2
4 0
3 15
6 16
4 2
12 6
10 1
17 13
3 6
7 13
0 1
10 13
4 12
10 8
1 9
8 15
4 16
16 6
15 8
15 4
12 16
15 9
17 7
7 14
11 4
4 7
10 11
14 10
9 8
2 11
0 5
15 17
6 1
0 11
12 10
2 4
3 11
12 1
4 17
11 16
5 9
14 8
6 3
7 3
13 14
2 15
17 8
8 0
17 0
10 4
0 16
13 7
2 3
8 10
11 5
5 10
6 2
2 9
0 15
12 2
13 16
16 4
7 0
8 6
13 0
15 5
15 7
14 7
6 9
10 6
16 12
2 12
8 5
1 12
4 6
14 3
6 4
12 4
3 8
8 9
17 4
17 3
7 10
4 14
9 17
9 3
8 12
11 17
7 12
13 17
12 8
6 10
16 8
2 5
7 9
2 6
9 7
11 14
3 2
13 8
15 12
8 17
12 3
0 9
5 16
0 14
0 7
1 10
9 6
8 13
13 9
14 12
6 12
11 15
0 6
1 3
12 0
7 8
7 16
1 2
4 15
4 13
5 1
14 11
6 14
8 11
9 11
10 5
16 7
16 3
4 9
8 1
9 13
4 3
9 16
9 19
19 4
18 19
18 10
1 2
2 3
8 19
8 13
1 8
4 18
6 4
1 5
1 6
7 1
6 7
0 1
0 11
11 0
14 15
19 0
0 18
17 5
5 9
9 15
13 1
17 18
5 21
6 21
20 7
20 0
20 15
20 5
9 20
8 20
0 20
19 20
19 9
21 20
21 11
13 14
14 21